Task 2
Batch learning
Default values of priors i.e. 1/n_components

n_components = 1 ---> perplexity = 3679
component_by_type= [[0.08333333 0.08333333 0.         0.08333333 0.08333333 0.08333333
  0.08333333 0.08333333 0.08333333 0.08333333 0.08333333 0.08333333
  0.08333333]]

n_components = 5 ---> perplexity = 4305

component_by_type= [[0.00117706 0.00095604 0.         0.00102546 0.00138429 0.00110487
  0.00143626 0.00140166 0.0011048  0.00104836 0.0012864  0.00106349
  0.00124806]
 [0.00117706 0.00095604 0.         0.00102546 0.00138429 0.00110487
  0.00143626 0.00140166 0.0011048  0.00104836 0.0012864  0.00106349
  0.00124806]
 [0.03781475 0.02051169 0.         0.03617664 0.04087336 0.03582218
  0.04296017 0.04403724 0.03581633 0.02798392 0.04667343 0.03514695
  0.03003716]
 [0.00117706 0.00095604 0.         0.00102546 0.00138429 0.00110487
  0.00143626 0.00140166 0.0011048  0.00104836 0.0012864  0.00106349
  0.00124806]
 [0.04198741 0.05995354 0.         0.04408031 0.03830712 0.04419654
  0.03606438 0.03509112 0.0442026  0.05220432 0.0328007  0.04499591
  0.049552  ]]
topic scores= [0.01423675 0.01423675 0.43385382 0.01423675 0.52343594]
ranked_components_by_type [array([ 6,  7,  4, 10, 12,  0,  5,  8, 11,  9,  3,  1,  2], dtype=int64), 
array([ 6,  7,  4, 10, 12,  0,  5,  8, 11,  9,  3,  1,  2], dtype=int64), 
array([10,  7,  6,  4,  0,  3,  5,  8, 11, 12,  9,  1,  2], dtype=int64), 
array([ 6,  7,  4, 10, 12,  0,  5,  8, 11,  9,  3,  1,  2], dtype=int64), 
array([ 1,  9, 12, 11,  8,  5,  3,  0,  4,  6,  7, 10,  2], dtype=int64)]

n_components = 20 ---> perplexity = 4407

n_components = 107 ---> perplexity = 5076

// Same results for online training method too





